Converged at iter 125
最终目标值： 103.0
最终资源分配 a_opt:
[[0.        , 0.        , 0.        , 0.        , 0.        , 0.7502811 ,
  0.        , 0.        , 0.        , 0.        , 0.        , 0.        ,
  0.        , 0.        , 0.        ],
 [0.        , 0.        , 0.        , 0.        , 0.        , 0.        ,
  0.        , 0.        , 0.50003033, 0.        , 0.        , 0.        ,
  0.        , 0.        , 0.        ],
 [0.        , 0.        , 0.72205949, 0.        , 0.        , 0.        ,
  0.        , 0.        , 0.        , 0.        , 0.        , 0.        ,
  0.        , 0.        , 0.        ],
 [0.        , 0.        , 0.        , 0.        , 0.        , 0.        ,
  0.        , 0.60006309, 0.        , 0.        , 0.        , 0.        ,
  0.        , 0.        , 0.        ],
 [0.        , 0.        , 0.76095789, 0.        , 0.        , 0.        ,
  0.        , 0.        , 0.        , 0.        , 0.        , 0.        ,
  0.        , 0.        , 0.        ],
 [0.        , 0.        , 0.        , 0.        , 0.        , 0.        ,
  0.        , 0.        , 0.        , 0.        , 0.75067036, 0.        ,
  0.        , 0.        , 0.        ],
 [0.        , 0.        , 0.        , 0.        , 1.        , 0.        ,
  0.        , 0.        , 0.        , 0.        , 0.        , 0.        ,
  0.        , 0.        , 0.        ],
 [0.        , 0.        , 0.76244712, 0.        , 0.        , 0.        ,
  0.        , 0.        , 0.        , 0.        , 0.        , 0.        ,
  0.        , 0.        , 0.        ],
 [0.        , 0.        , 0.75453549, 0.        , 0.        , 0.        ,
  0.        , 0.        , 0.        , 0.        , 0.        , 0.        ,
  0.        , 0.        , 0.        ],
 [0.74155341, 0.        , 0.        , 0.        , 0.        , 0.        ,
  0.        , 0.        , 0.        , 0.        , 0.        , 0.        ,
  0.        , 0.        , 0.        ],
 [0.        , 0.        , 0.        , 0.        , 0.        , 0.        ,
  0.        , 0.        , 0.49996705, 0.        , 0.        , 0.        ,
  0.        , 0.        , 0.        ],
 [0.        , 0.        , 0.        , 0.        , 0.        , 0.74557155,
  0.        , 0.        , 0.        , 0.        , 0.        , 0.        ,
  0.        , 0.        , 0.        ],
 [0.        , 0.76000501, 0.        , 0.        , 0.        , 0.        ,
  0.        , 0.        , 0.        , 0.        , 0.        , 0.        ,
  0.        , 0.        , 0.        ],
 [0.        , 0.        , 0.        , 0.        , 0.        , 0.        ,
  0.        , 0.        , 0.        , 0.        , 0.        , 1.        ,
  0.        , 0.        , 0.        ],
 [0.        , 0.        , 0.        , 0.        , 0.        , 0.75363114,
  0.        , 0.        , 0.        , 0.        , 0.        , 0.        ,
  0.        , 0.        , 0.        ],
 [0.        , 0.        , 0.        , 1.        , 0.        , 0.        ,
  0.        , 0.        , 0.        , 0.        , 0.        , 0.        ,
  0.        , 0.        , 0.        ],
 [0.        , 0.        , 0.        , 0.        , 0.        , 0.        ,
  0.        , 0.        , 0.        , 0.        , 0.        , 0.        ,
  0.        , 0.        , 1.        ],
 [0.        , 0.        , 0.        , 0.        , 0.        , 0.        ,
  0.        , 0.        , 0.        , 0.        , 0.        , 0.        ,
  1.        , 0.        , 0.        ],
 [0.        , 0.        , 0.        , 1.        , 0.        , 0.        ,
  0.        , 0.        , 0.        , 0.        , 0.        , 0.        ,
  0.        , 0.        , 0.        ],
 [0.        , 0.        , 0.        , 0.        , 1.        , 0.        ,
  0.        , 0.        , 0.        , 0.        , 0.        , 0.        ,
  0.        , 0.        , 0.        ],
 [0.75296371, 0.        , 0.        , 0.        , 0.        , 0.        ,
  0.        , 0.        , 0.        , 0.        , 0.        , 0.        ,
  0.        , 0.        , 0.        ],
 [0.75532117, 0.        , 0.        , 0.        , 0.        , 0.        ,
  0.        , 0.        , 0.        , 0.        , 0.        , 0.        ,
  0.        , 0.        , 0.        ],
 [0.        , 0.        , 0.        , 0.        , 0.        , 0.        ,
  0.        , 0.        , 0.        , 0.        , 0.7504798 , 0.        ,
  0.        , 0.        , 0.        ],
 [0.        , 0.        , 0.        , 0.        , 0.        , 0.        ,
  0.        , 0.        , 0.        , 0.        , 0.74848592, 0.        ,
  0.        , 0.        , 0.        ],
 [0.        , 0.75499456, 0.        , 0.        , 0.        , 0.        ,
  0.        , 0.        , 0.        , 0.        , 0.        , 0.        ,
  0.        , 0.        , 0.        ],
 [0.        , 0.        , 0.        , 0.        , 0.        , 0.        ,
  0.        , 0.60021305, 0.        , 0.        , 0.        , 0.        ,
  0.        , 0.        , 0.        ],
 [0.        , 0.74290806, 0.        , 0.        , 0.        , 0.        ,
  0.        , 0.        , 0.        , 0.        , 0.        , 0.        ,
  0.        , 0.        , 0.        ],
 [0.        , 0.        , 0.        , 0.        , 0.        , 0.        ,
  0.        , 0.        , 0.5000434 , 0.        , 0.        , 0.        ,
  0.        , 0.        , 0.        ],
 [0.        , 0.        , 0.        , 0.        , 0.        , 0.75051622,
  0.        , 0.        , 0.        , 0.        , 0.        , 0.        ,
  0.        , 0.        , 0.        ],
 [0.        , 0.        , 0.        , 0.        , 0.        , 0.        ,
  0.        , 0.60018238, 0.        , 0.        , 0.        , 0.        ,
  0.        , 0.        , 0.        ],
 [0.        , 0.        , 0.        , 0.        , 0.        , 0.        ,
  0.        , 0.        , 0.50002082, 0.        , 0.        , 0.        ,
  0.        , 0.        , 0.        ],
 [0.        , 0.        , 0.        , 0.        , 0.        , 0.        ,
  0.        , 0.        , 0.49992737, 0.        , 0.        , 0.        ,
  0.        , 0.        , 0.        ],
 [0.        , 0.74209238, 0.        , 0.        , 0.        , 0.        ,
  0.        , 0.        , 0.        , 0.        , 0.        , 0.        ,
  0.        , 0.        , 0.        ],
 [0.75016171, 0.        , 0.        , 0.        , 0.        , 0.        ,
  0.        , 0.        , 0.        , 0.        , 0.        , 0.        ,
  0.        , 0.        , 0.        ],
 [0.        , 0.        , 0.        , 0.        , 0.        , 0.        ,
  0.        , 0.        , 0.50001103, 0.        , 0.        , 0.        ,
  0.        , 0.        , 0.        ],
 [0.        , 0.        , 0.        , 0.        , 0.        , 0.        ,
  0.        , 0.        , 0.        , 0.        , 0.        , 0.        ,
  0.        , 0.        , 1.        ],
 [0.        , 0.        , 0.        , 0.        , 1.        , 0.        ,
  0.        , 0.        , 0.        , 0.        , 0.        , 0.        ,
  0.        , 0.        , 0.        ],
 [0.        , 0.        , 0.        , 0.        , 0.        , 0.        ,
  0.        , 0.        , 0.        , 0.        , 0.75036392, 0.        ,
  0.        , 0.        , 0.        ],
 [0.        , 0.        , 0.        , 0.        , 0.        , 0.        ,
  0.        , 0.5994008 , 0.        , 0.        , 0.        , 0.        ,
  0.        , 0.        , 0.        ],
 [0.        , 0.        , 0.        , 0.        , 0.        , 0.        ,
  0.        , 0.60014068, 0.        , 0.        , 0.        , 0.        ,
  0.        , 0.        , 0.        ]]
done