Converged at iter 139
最终目标值： 52.0
最终资源分配 a_opt:
[[0.        , 0.        , 0.        , 0.        , 1.        , 0.        ,
  0.        , 0.        , 0.        , 0.        ],
 [0.        , 0.        , 0.        , 0.        , 0.        , 0.        ,
  0.        , 0.76126309, 0.        , 0.        ],
 [0.        , 1.        , 0.        , 0.        , 0.        , 0.        ,
  0.        , 0.        , 0.        , 0.        ],
 [0.        , 0.        , 0.        , 0.        , 0.        , 0.        ,
  0.        , 0.75348326, 0.        , 0.        ],
 [1.        , 0.        , 0.        , 0.        , 0.        , 0.        ,
  0.        , 0.        , 0.        , 0.        ],
 [1.        , 0.        , 0.        , 0.        , 0.        , 0.        ,
  0.        , 0.        , 0.        , 0.        ],
 [0.        , 0.        , 0.        , 0.        , 0.        , 0.        ,
  0.        , 0.76575708, 0.        , 0.        ],
 [0.        , 0.        , 0.75061403, 0.        , 0.        , 0.        ,
  0.        , 0.        , 0.        , 0.        ],
 [0.        , 0.        , 0.        , 1.        , 0.        , 0.        ,
  0.        , 0.        , 0.        , 0.        ],
 [0.        , 0.        , 0.        , 1.        , 0.        , 0.        ,
  0.        , 0.        , 0.        , 0.        ],
 [0.        , 0.        , 0.        , 0.        , 0.        , 0.        ,
  0.        , 0.71949657, 0.        , 0.        ],
 [0.        , 0.        , 0.        , 0.        , 0.        , 1.        ,
  0.        , 0.        , 0.        , 0.        ],
 [0.        , 0.        , 0.75388449, 0.        , 0.        , 0.        ,
  0.        , 0.        , 0.        , 0.        ],
 [0.        , 0.        , 0.        , 0.        , 1.        , 0.        ,
  0.        , 0.        , 0.        , 0.        ],
 [0.        , 0.        , 0.        , 0.        , 0.        , 0.        ,
  0.        , 0.        , 0.        , 1.        ],
 [0.        , 0.        , 0.        , 0.        , 1.        , 0.        ,
  0.        , 0.        , 0.        , 0.        ],
 [0.        , 0.        , 0.7525362 , 0.        , 0.        , 0.        ,
  0.        , 0.        , 0.        , 0.        ],
 [0.        , 0.        , 0.        , 0.        , 0.        , 0.        ,
  0.        , 0.        , 0.        , 1.        ],
 [0.        , 0.        , 0.74296528, 0.        , 0.        , 0.        ,
  0.        , 0.        , 0.        , 0.        ],
 [0.        , 1.        , 0.        , 0.        , 0.        , 0.        ,
  0.        , 0.        , 0.        , 0.        ]]
done